14 7 1.2 0.6 0.3 1.0 3.0 0.8 50 2000.00
155 84 25 200 195 100 170 140 0 54 180 100 188 12
155 0 84 145 100 35 40 50 60 70 80 4 90 18 100
84 84 0 159 100 112 120 184 5 84 90 102 100 123 110
25 145 159 0 116 120 108 116 80 70 60 40 93 30 20
200 100 100 116 0 58 63 110 120 130 140 160 180 190 200
195 35 112 120 58 0 159 69 100 110 120 183 130 31 81
100 40 120 108 63 159 0 200 70 180 160 170 190 14 160
170 50 184 116 110 69 200 0 21 130 100 90 170 51 140
140 60 5 80 120 100 70 21 0 74 130 63 150 160 51
0 70 84 70 130 110 180 130 74 0 40 90 180 120 70
54 80 90 60 140 120 160 100 130 40 0 76 200 190 180
180 4 102 40 160 183 170 90 63 90 76 0 85 160 130
100 90 100 93 180 130 190 170 150 180 200 85 0 107 90
188 18 123 30 190 31 14 51 160 120 190 160 107 0 75
12 100 110 20 200 81 160 140 51 70 180 130 90 75 0
