Input parameters:
n: number of nodes in the graph: 20
n1: the nest node: 20
α: alpha, ant move event: 0.9
β: beta, ant move event: 0.5
δ: delta, ant move event: 0.3
η: eta, pheromone evaporation event: 0.2
ρ: rho, pheromone evaporation event: 6.0
γ: pheromone level: 1.8
ν: ant colony size: 80
τ: final instant: 1525.0
with graph:
Adjacency Matrix:
0 10 0 0 4 3 0 0 0 0 0 0 0 0 0 0 0 0 0 0 
10 0 2 10 0 3 10 9 0 0 7 0 0 0 0 0 7 0 6 1 
0 2 0 9 3 2 0 0 0 4 2 4 2 8 0 6 0 0 5 7 
0 10 9 0 2 8 0 5 3 10 9 9 4 2 6 0 1 0 7 4 
4 0 3 2 0 0 7 1 9 3 0 6 9 0 8 9 6 6 0 7 
3 3 2 8 0 0 5 0 1 4 0 0 6 0 8 4 5 0 0 0 
0 10 0 0 7 5 0 3 6 7 4 4 0 4 0 0 0 4 0 0 
0 9 0 5 1 0 3 0 2 5 0 0 2 0 8 5 10 0 0 3 
0 0 0 3 9 1 6 2 0 10 0 8 0 0 0 5 0 3 5 0 
0 0 4 10 3 4 7 5 10 0 2 0 0 0 0 7 0 0 1 10 
0 7 2 9 0 0 4 0 0 2 0 7 2 0 0 0 0 0 0 0 
0 0 4 9 6 0 4 0 8 0 7 0 7 0 0 1 0 3 0 0 
0 0 2 4 9 6 0 2 0 0 2 7 0 8 8 0 0 0 0 0 
0 0 8 2 0 0 4 0 0 0 0 0 8 0 10 0 5 0 0 6 
0 0 0 6 8 8 0 8 0 0 0 0 8 10 0 8 0 0 9 0 
0 0 6 0 9 4 0 5 5 7 0 1 0 0 8 0 3 0 0 0 
0 7 0 1 6 5 0 10 0 0 0 0 0 5 0 3 0 8 0 0 
0 0 0 0 6 0 4 0 3 0 0 3 0 0 0 0 8 0 5 0 
0 6 5 7 0 0 0 0 5 1 0 0 0 0 9 0 0 5 0 7 
0 1 7 4 7 0 0 3 0 10 0 0 0 6 0 0 0 0 7 0 
Observation number: 1
Present instant: 76.25
Number of move events: 4510
Number of evaporation events: 76
Top candidate cycles:
Best Hamiltonian cycle: {20,8,9,19,10,4,15,6,1,2,3,5,18,17,16,12,7,11,13,14}:95

Observation number: 2
Present instant: 152.5
Number of move events: 8818
Number of evaporation events: 304
Top candidate cycles:
{20,8,9,19,10,4,15,6,1,2,3,5,18,17,16,12,7,11,13,14}:95
{20,4,14,7,5,16,12,18,9,6,1,2,17,8,15,13,11,3,10,19}:96
{20,19,18,7,10,5,1,6,9,8,4,12,11,13,15,16,17,2,3,14}:101
Best Hamiltonian cycle: {20,2,1,6,3,11,10,19,18,17,4,9,8,7,14,13,15,16,12,5}:85

Observation number: 3
Present instant: 228.75
Number of move events: 13250
Number of evaporation events: 518
Top candidate cycles:
{20,2,8,13,11,7,6,1,5,12,16,9,18,17,4,15,19,10,3,14}:88
{20,8,7,14,17,4,15,16,6,13,3,10,11,12,18,19,9,5,1,2}:92
{20,8,9,19,10,4,15,6,1,2,3,5,18,17,16,12,7,11,13,14}:95
{20,4,14,7,5,16,12,18,9,6,1,2,17,8,15,13,11,3,10,19}:96
{20,19,18,7,10,5,1,6,9,8,4,12,11,13,15,16,17,2,3,14}:101
Best Hamiltonian cycle: {20,2,1,6,3,11,10,19,18,17,4,9,8,7,14,13,15,16,12,5}:85

Observation number: 4
Present instant: 305.0
Number of move events: 17591
Number of evaporation events: 594
Top candidate cycles:
{20,2,8,13,11,7,6,1,5,12,16,9,18,17,4,15,19,10,3,14}:88
{20,8,7,14,17,4,15,16,6,13,3,10,11,12,18,19,9,5,1,2}:92
{20,8,9,19,10,4,15,6,1,2,3,5,18,17,16,12,7,11,13,14}:95
{20,4,14,7,5,16,12,18,9,6,1,2,17,8,15,13,11,3,10,19}:96
{20,19,18,7,10,5,1,6,9,8,4,12,11,13,15,16,17,2,3,14}:101
Best Hamiltonian cycle: {20,2,1,6,3,11,10,19,18,17,4,9,8,7,14,13,15,16,12,5}:85

Observation number: 5
Present instant: 381.25
Number of move events: 22036
Number of evaporation events: 594
Top candidate cycles:
{20,2,8,13,11,7,6,1,5,12,16,9,18,17,4,15,19,10,3,14}:88
{20,8,7,14,17,4,15,16,6,13,3,10,11,12,18,19,9,5,1,2}:92
{20,8,9,19,10,4,15,6,1,2,3,5,18,17,16,12,7,11,13,14}:95
{20,4,14,7,5,16,12,18,9,6,1,2,17,8,15,13,11,3,10,19}:96
{20,19,18,7,10,5,1,6,9,8,4,12,11,13,15,16,17,2,3,14}:101
Best Hamiltonian cycle: {20,2,1,6,3,11,10,19,18,17,4,9,8,7,14,13,15,16,12,5}:85

Observation number: 6
Present instant: 457.5
Number of move events: 26355
Number of evaporation events: 746
Top candidate cycles:
{20,2,8,13,11,7,6,1,5,12,16,9,18,17,4,15,19,10,3,14}:88
{20,8,7,14,17,4,15,16,6,13,3,10,11,12,18,19,9,5,1,2}:92
{20,8,10,19,18,7,11,13,3,6,9,12,16,17,14,15,5,1,2,4}:92
{20,8,9,19,10,4,15,6,1,2,3,5,18,17,16,12,7,11,13,14}:95
{20,2,4,9,8,16,10,11,7,12,3,13,15,19,18,5,1,6,17,14}:95
Best Hamiltonian cycle: {20,2,1,6,3,11,10,19,18,17,4,9,8,7,14,13,15,16,12,5}:85

Observation number: 7
Present instant: 533.75
Number of move events: 30781
Number of evaporation events: 746
Top candidate cycles:
{20,2,8,13,11,7,6,1,5,12,16,9,18,17,4,15,19,10,3,14}:88
{20,8,7,14,17,4,15,16,6,13,3,10,11,12,18,19,9,5,1,2}:92
{20,8,10,19,18,7,11,13,3,6,9,12,16,17,14,15,5,1,2,4}:92
{20,8,9,19,10,4,15,6,1,2,3,5,18,17,16,12,7,11,13,14}:95
{20,2,4,9,8,16,10,11,7,12,3,13,15,19,18,5,1,6,17,14}:95
Best Hamiltonian cycle: {20,2,1,6,3,11,10,19,18,17,4,9,8,7,14,13,15,16,12,5}:85

Observation number: 8
Present instant: 610.0
Number of move events: 35029
Number of evaporation events: 936
Top candidate cycles:
{20,2,1,6,3,11,10,19,18,17,4,9,8,7,14,13,15,16,12,5}:85
{20,2,8,13,11,7,6,1,5,12,16,9,18,17,4,15,19,10,3,14}:88
{20,8,7,14,17,4,15,16,6,13,3,10,11,12,18,19,9,5,1,2}:92
{20,8,10,19,18,7,11,13,3,6,9,12,16,17,14,15,5,1,2,4}:92
{20,8,9,19,10,4,15,6,1,2,3,5,18,17,16,12,7,11,13,14}:95
Best Hamiltonian cycle: {20,2,17,4,8,5,1,6,9,18,7,11,3,13,12,16,10,19,15,14}:79

Observation number: 9
Present instant: 686.25
Number of move events: 39267
Number of evaporation events: 936
Top candidate cycles:
{20,2,1,6,3,11,10,19,18,17,4,9,8,7,14,13,15,16,12,5}:85
{20,2,8,13,11,7,6,1,5,12,16,9,18,17,4,15,19,10,3,14}:88
{20,8,7,14,17,4,15,16,6,13,3,10,11,12,18,19,9,5,1,2}:92
{20,8,10,19,18,7,11,13,3,6,9,12,16,17,14,15,5,1,2,4}:92
{20,8,9,19,10,4,15,6,1,2,3,5,18,17,16,12,7,11,13,14}:95
Best Hamiltonian cycle: {20,2,17,4,8,5,1,6,9,18,7,11,3,13,12,16,10,19,15,14}:79

Observation number: 10
Present instant: 762.5
Number of move events: 43621
Number of evaporation events: 1164
Top candidate cycles:
{20,8,5,1,6,17,14,4,9,10,19,18,12,7,11,13,15,16,3,2}:80
{20,2,1,6,3,11,10,19,18,17,4,9,8,7,14,13,15,16,12,5}:85
{20,8,9,4,5,7,18,12,3,2,1,6,13,11,10,19,15,16,17,14}:85
{20,2,8,13,11,7,6,1,5,12,16,9,18,17,4,15,19,10,3,14}:88
{20,8,7,14,17,4,15,16,6,13,3,10,11,12,18,19,9,5,1,2}:92
Best Hamiltonian cycle: {20,2,17,4,8,5,1,6,9,18,7,11,3,13,12,16,10,19,15,14}:79

Observation number: 11
Present instant: 838.75
Number of move events: 48168
Number of evaporation events: 1240
Top candidate cycles:
{20,8,5,1,6,17,14,4,9,10,19,18,12,7,11,13,15,16,3,2}:80
{20,2,1,6,3,11,10,19,18,17,4,9,8,7,14,13,15,16,12,5}:85
{20,8,9,4,5,7,18,12,3,2,1,6,13,11,10,19,15,16,17,14}:85
{20,2,8,13,11,7,6,1,5,12,16,9,18,17,4,15,19,10,3,14}:88
{20,8,7,14,17,4,15,16,6,13,3,10,11,12,18,19,9,5,1,2}:92
Best Hamiltonian cycle: {20,2,17,4,8,5,1,6,9,18,7,11,3,13,12,16,10,19,15,14}:79

Observation number: 12
Present instant: 915.0
Number of move events: 52519
Number of evaporation events: 1392
Top candidate cycles:
{20,8,5,1,6,17,14,4,9,10,19,18,12,7,11,13,15,16,3,2}:80
{20,2,1,6,3,11,10,19,18,17,4,9,8,7,14,13,15,16,12,5}:85
{20,8,9,4,5,7,18,12,3,2,1,6,13,11,10,19,15,16,17,14}:85
{20,2,8,13,11,7,6,1,5,12,16,9,18,17,4,15,19,10,3,14}:88
{20,8,7,14,17,4,15,16,6,13,3,10,11,12,18,19,9,5,1,2}:92
Best Hamiltonian cycle: {20,2,17,4,8,5,1,6,9,18,7,11,3,13,12,16,10,19,15,14}:79

Observation number: 13
Present instant: 991.25
Number of move events: 56949
Number of evaporation events: 1468
Top candidate cycles:
{20,8,5,1,6,17,14,4,9,10,19,18,12,7,11,13,15,16,3,2}:80
{20,2,1,6,3,11,10,19,18,17,4,9,8,7,14,13,15,16,12,5}:85
{20,8,9,4,5,7,18,12,3,2,1,6,13,11,10,19,15,16,17,14}:85
{20,2,8,13,11,7,6,1,5,12,16,9,18,17,4,15,19,10,3,14}:88
{20,8,7,14,17,4,15,16,6,13,3,10,11,12,18,19,9,5,1,2}:92
Best Hamiltonian cycle: {20,2,17,4,8,5,1,6,9,18,7,11,3,13,12,16,10,19,15,14}:79

Observation number: 14
Present instant: 1067.5
Number of move events: 61413
Number of evaporation events: 1696
Top candidate cycles:
{20,8,5,1,6,17,14,4,9,10,19,18,12,7,11,13,15,16,3,2}:80
{20,2,1,6,3,11,10,19,18,17,4,9,8,7,14,13,15,16,12,5}:85
{20,8,9,4,5,7,18,12,3,2,1,6,13,11,10,19,15,16,17,14}:85
{20,2,8,13,11,7,6,1,5,12,16,9,18,17,4,15,19,10,3,14}:88
{20,8,7,14,17,4,15,16,6,13,3,10,11,12,18,19,9,5,1,2}:92
Best Hamiltonian cycle: {20,2,17,4,8,5,1,6,9,18,7,11,3,13,12,16,10,19,15,14}:79

Observation number: 15
Present instant: 1143.75
Number of move events: 65789
Number of evaporation events: 2114
Top candidate cycles:
{20,2,17,4,8,5,1,6,9,18,7,11,3,13,12,16,10,19,15,14}:79
{20,8,5,1,6,17,14,4,9,10,19,18,12,7,11,13,15,16,3,2}:80
{20,4,5,10,7,14,17,18,19,15,16,12,3,11,13,8,9,6,1,2}:83
{20,14,4,9,7,8,13,11,10,5,3,12,16,17,18,19,15,6,1,2}:84
{20,2,1,6,3,11,10,19,18,17,4,9,8,7,14,13,15,16,12,5}:85
Best Hamiltonian cycle: {20,2,3,19,10,11,7,12,18,9,16,17,4,5,1,6,15,14,13,8}:74

Observation number: 16
Present instant: 1220.0
Number of move events: 70104
Number of evaporation events: 2342
Top candidate cycles:
{20,2,17,4,8,5,1,6,9,18,7,11,3,13,12,16,10,19,15,14}:79
{20,8,5,1,6,17,14,4,9,10,19,18,12,7,11,13,15,16,3,2}:80
{20,4,5,10,7,14,17,18,19,15,16,12,3,11,13,8,9,6,1,2}:83
{20,14,4,9,7,8,13,11,10,5,3,12,16,17,18,19,15,6,1,2}:84
{20,2,1,6,3,11,10,19,18,17,4,9,8,7,14,13,15,16,12,5}:85
Best Hamiltonian cycle: {20,2,3,19,10,11,7,12,18,9,16,17,4,5,1,6,15,14,13,8}:74

Observation number: 17
Present instant: 1296.25
Number of move events: 74387
Number of evaporation events: 2418
Top candidate cycles:
{20,2,17,4,8,5,1,6,9,18,7,11,3,13,12,16,10,19,15,14}:79
{20,8,5,1,6,17,14,4,9,10,19,18,12,7,11,13,15,16,3,2}:80
{20,4,5,10,7,14,17,18,19,15,16,12,3,11,13,8,9,6,1,2}:83
{20,14,4,9,7,8,13,11,10,5,3,12,16,17,18,19,15,6,1,2}:84
{20,2,1,6,3,11,10,19,18,17,4,9,8,7,14,13,15,16,12,5}:85
Best Hamiltonian cycle: {20,2,3,19,10,11,7,12,18,9,16,17,4,5,1,6,15,14,13,8}:74

Observation number: 18
Present instant: 1372.5
Number of move events: 78773
Number of evaporation events: 2570
Top candidate cycles:
{20,2,17,4,8,5,1,6,9,18,7,11,3,13,12,16,10,19,15,14}:79
{20,8,5,1,6,17,14,4,9,10,19,18,12,7,11,13,15,16,3,2}:80
{20,4,5,10,7,14,17,18,19,15,16,12,3,11,13,8,9,6,1,2}:83
{20,14,4,9,7,8,13,11,10,5,3,12,16,17,18,19,15,6,1,2}:84
{20,2,1,6,3,11,10,19,18,17,4,9,8,7,14,13,15,16,12,5}:85
Best Hamiltonian cycle: {20,2,3,19,10,11,7,12,18,9,16,17,4,5,1,6,15,14,13,8}:74

Observation number: 19
Present instant: 1448.75
Number of move events: 83079
Number of evaporation events: 2798
Top candidate cycles:
{20,2,17,4,8,5,1,6,9,18,7,11,3,13,12,16,10,19,15,14}:79
{20,8,5,1,6,17,14,4,9,10,19,18,12,7,11,13,15,16,3,2}:80
{20,4,5,10,7,14,17,18,19,15,16,12,3,11,13,8,9,6,1,2}:83
{20,14,4,9,7,8,13,11,10,5,3,12,16,17,18,19,15,6,1,2}:84
{20,2,1,6,3,11,10,19,18,17,4,9,8,7,14,13,15,16,12,5}:85
Best Hamiltonian cycle: {20,2,3,19,10,11,7,12,18,9,16,17,4,5,1,6,15,14,13,8}:74

Observation number: 20
Present instant: 1525.0
Number of move events: 86605
Number of evaporation events: 2874
Top candidate cycles:
{20,2,17,4,8,5,1,6,9,18,7,11,3,13,12,16,10,19,15,14}:79
{20,8,5,1,6,17,14,4,9,10,19,18,12,7,11,13,15,16,3,2}:80
{20,4,5,10,7,14,17,18,19,15,16,12,3,11,13,8,9,6,1,2}:83
{20,14,4,9,7,8,13,11,10,5,3,12,16,17,18,19,15,6,1,2}:84
{20,2,1,6,3,11,10,19,18,17,4,9,8,7,14,13,15,16,12,5}:85
Best Hamiltonian cycle: {20,2,3,19,10,11,7,12,18,9,16,17,4,5,1,6,15,14,13,8}:74
